0000008786104001062018030120180301500059070000000001032001878612135214100017                                                              0000000000000000      
0000008786270900832018030120180301500284860000000001032001878611645595010016                                                              0000000000000000      
0000008786327004822018030120180301500135380000000001032001878625492513060016                                                              0000000000000000      
0000008786327004822018030120180301500150940000000001032001878614115079060017                                                              0000000000000000      
0000008786327004822018030120180301500250110000000001032001878613100914060010                                                              0000000000000000      
0000008786327004822018030120180301500340370000000001032001878631082966060010                                                              0000000000000000      
0000008786360005322018030120180301500216330000000001032001878632290410120019                                                              0000000000000000      
0000008786371600722018030120180301500345670000000001032001878629192794050010                                                              0000000000000000      
0000008786373005532018030120180301500065900000000001032001878621858483060019                                                              0000000000000000      
0000008786104001062018030120180301500059080000000001032001878631975072100013                                                              0000000000000000      
0000008786104001062018030120180301500059230000000001032001878623071169100015                                                              0000000000000000      
0000008786104001062018030120180301500059240000000001032001878611381139100011                                                              0000000000000000      
0000008786104001062018030120180301500059250000000001032001878624168420100010                                                              0000000000000000      
0000008786104001062018030120180301500059260000000001032001878606137660100012                                                              0000000000000000      
0000008786104001062018030120180301500070000000000001032001878630918680100019                                                              0000000000000000      
0000008786104001062018030120180301500070010000000001032001878612029196100014                                                              0000000000000000      
0000008786104001062018030120180301500070020000000001032001878632989683100011                                                              0000000000000000      
0000008786104001062018030120180301500070030000000001032001878632507917100015                                                              0000000000000000      
0000008786104001062018030120180301500070040000000001032001878623418350100014                                                              0000000000000000      
0000008786104001062018030120180301500070050000000001032001878613286465100012                                                              0000000000000000      
0000008786104001062018030120180301500070060000000001032001878620584847100018                                                              0000000000000000      
0000008786104001062018030120180301500070070000000001032001878632539358100019                                                              0000000000000000      
0000008786104001062018030120180301500070080000000001032001878622744691100011                                                              0000000000000000      
0000008786104001062018030120180301500070090000000001032001878636117908100016                                                              0000000000000000      
0000008786104001062018030120180301500070100000000001032001878604706556100016                                                              0000000000000000      
0000008786104001062018030120180301500070110000000001032001878637816564100015                                                              0000000000000000      
0000008786104001062018030120180301500070120000000001032001878608375501100012                                                              0000000000000000      
0000008786104001062018030120180301500070130000000001032001878611965766100013                                                              0000000000000000      
0000008786104001062018030120180301500070140000000001032001878617445750100019                                                              0000000000000000      
0000008786104001062018030120180301500070150000000001032001878620499589100014                                                              0000000000000000      
0000008786104001062018030120180301500070160000000001032001878633109597100010                                                              0000000000000000      
0000008786104001062018030120180301500070170000000001032001878620093726100015                                                              0000000000000000      
0000008786104001062018030120180301500073090000000001032001878628274686100013                                                              0000000000000000      
0000008786104001062018030120180301500073100000000001032001878629379390100016                                                              0000000000000000      
0000008786104001062018030120180301500073110000000001032001878631385060100012                                                              0000000000000000      
0000008786104001062018030120180301500073120000000001032001878632591842100018                                                              0000000000000000      
0000008786131001822018030120180301500192540000000001032001878635916613060015                                                              0000000000000000      
0000008786131001822018030120180301500238080000000001032001878620295409060014                                                              0000000000000000      
0000008786131001822018030120180301500239580000000001032001878627847750060017                                                              0000000000000000      
0000008786131001822018030120180301500240580000000001032001878614793993060018                                                              0000000000000000      
0000008786131001822018030120180301500241580000000001032001878620016430060012                                                              0000000000000000      
0000008786131001822018030120180301500242150000000001032001878628660625060017                                                              0000000000000000      
0000008786131001822018030120180301500242970000000001032001878631777094060014                                                              0000000000000000      
0000008786192507242018030120180301500356780000000001032001878627540538050016                                                              0000000000000000      
0000008786131001822018030120180301500244170000000001032001878622328586060010                                                              0000000000000000      
0000008786131001822018030120180301500244810000000001032001878620267943060019                                                              0000000000000000      
0000008786131001822018030120180301500269850000000001032001878618456622060011                                                              0000000000000000      
0000008786131001822018030120180301500270500000000001032001878632180202060016                                                              0000000000000000      
0000008786131001822018030120180301500271450000000001032001878624479121060019                                                              0000000000000000      
0000008786131001822018030120180301500272410000000001032001878623046470060017                                                              0000000000000000      
0000008786188706152018030120180301500135110000000001032001878625391148050017                                                              0000000000000000      
0000008786192507242018030120180301500177700000000001032001878622353177050011                                                              0000000000000000      
0000008786192507242018030120180301500211290000000001032001878625638286050019                                                              0000000000000000      
0000008786104001062018030120180301500059090000000001032001878630100067100010                                                              0000000000000000      
0000008786104001062018030120180301500059100000000001032001878627359567100016                                                              0000000000000000      
0000008786104001062018030120180301500059110000000001032001878626678447100018                                                              0000000000000000      
0000008786104001062018030120180301500059120000000001032001878612591953100017                                                              0000000000000000      
0000008786104001062018030120180301500059130000000001032001878621416850100010                                                              0000000000000000      
0000008786104001062018030120180301500059140000000001032001878618347066100010                                                              0000000000000000      
0000008786104001062018030120180301500059150000000001032001878620142426100011                                                              0000000000000000      
0000008786104001062018030120180301500059160000000001032001878627228825100016                                                              0000000000000000      
0000008786104001062018030120180301500059170000000001032001878626596467100019                                                              0000000000000000      
0000008786104001062018030120180301500059180000000001032001878628960086100010                                                              0000000000000000      
0000008786104001062018030120180301500059190000000001032001878612043111100017                                                              0000000000000000      
0000008786104001062018030120180301500059200000000001032001878616393867100012                                                              0000000000000000      
0000008786104001062018030120180301500059210000000001032001878621416183100017                                                              0000000000000000      
0000008786104001062018030120180301500059220000000001032001878604989523100014                                                              0000000000000000      
